304,196044 2.903 1,0 0.942712 0,-1.01961 -10 2.90297,-10 -10 0.942712
282,196044 2.903 1,255 0.538584 0,-1.01961 -10 2.90297,10 -10 0.538584
330,196044 2.903 1,102974 4.95268 2,-1.01961 -10 2.90297,-1.81699 -4.24837 4.95065
98,233374 0.638613 1,255 0.538584 0,10 -6.19608 0.638583,10 -10 0.538584
276,233374 0.638613 1,46794 -2.61138 0,10 -6.19608 0.638583,5.84314 4.27451 -2.61138
648,233374 0.638613 1,102974 4.95268 2,10 -6.19608 0.638583,-1.81699 -4.24837 4.95065
264,243334 1.18837 1,40738 0.327643 0,-10 -5.09804 1.18835,-7.33333 2.47059 0.327643
126,243334 1.18837 1,0 0.942712 0,-10 -5.09804 1.18835,-10 -10 0.942712
654,243334 1.18837 1,102974 4.95268 2,-10 -5.09804 1.18835,-1.81699 -4.24837 4.95065
246,298913 2.52599 1,46794 -2.61138 0,1.17647 0.588235 2.52479,5.84314 4.27451 -2.61138
244,298913 2.52599 1,40738 0.327643 0,1.17647 0.588235 2.52479,-7.33333 2.47059 0.327643
404,298913 2.52599 1,102974 4.95268 2,1.17647 0.588235 2.52479,-1.81699 -4.24837 4.95065
230,298913 2.52599 1,161708 3.31505 2,1.17647 0.588235 2.52479,1.47712 4.77124 3.31465
56,369724 0.678189 1,65280 0.608911 0,-10 7.84314 0.678176,-10 10 0.608911
154,369724 0.678189 1,40738 0.327643 0,-10 7.84314 0.678176,-7.33333 2.47059 0.327643
642,369724 0.678189 1,161708 3.31505 2,-10 7.84314 0.678176,1.47712 4.77124 3.31465
262,390719 1.77285 1,46794 -2.61138 0,-1.80392 10 1.7728,5.84314 4.27451 -2.61138
210,390719 1.77285 1,65280 0.608911 0,-1.80392 10 1.7728,-10 10 0.608911
272,390719 1.77285 1,161708 3.31505 2,-1.80392 10 1.7728,1.47712 4.77124 3.31465
330,196044 2.903 1,102974 4.95268 2,-1.01961 -10 2.90297,-1.81699 -4.24837 4.95065
654,243334 1.18837 1,102974 4.95268 2,-10 -5.09804 1.18835,-1.81699 -4.24837 4.95065
648,233374 0.638613 1,102974 4.95268 2,10 -6.19608 0.638583,-1.81699 -4.24837 4.95065
404,298913 2.52599 1,102974 4.95268 2,1.17647 0.588235 2.52479,-1.81699 -4.24837 4.95065
230,298913 2.52599 1,161708 3.31505 2,1.17647 0.588235 2.52479,1.47712 4.77124 3.31465
642,369724 0.678189 1,161708 3.31505 2,-10 7.84314 0.678176,1.47712 4.77124 3.31465
272,390719 1.77285 1,161708 3.31505 2,-1.80392 10 1.7728,1.47712 4.77124 3.31465
