302,302,196044 2.90352 1,0 0.942954 0,-1.01961 -10 2.9035,-10 -10 0.942954
282,282,196044 2.90352 1,255 0.538312 0,-1.01961 -10 2.9035,10 -10 0.538312
344,344,196044 2.90352 1,103993 5.68906 2,-1.01961 -10 2.9035,-1.86928 -4.06536 5.68789
96, 96, 232608 0.633918 1,255 0.538312 0,10 -6.27451 0.633895,10 -10 0.538312
276,276,232608 0.633918 1,46799 -2.91883 0,10 -6.27451 0.633895,6.23529 4.27451 -2.91883
638,638,232608 0.633918 1,103993 5.68906 2,10 -6.27451 0.633895,-1.86928 -4.06536 5.68789
366,366,254058 1.24194 1,45642 0.0412695 0,-10 -4 1.24194,-4.19608 3.96078 0.0412695
154,154,254058 1.24194 1,0 0.942954 0,-10 -4 1.24194,-10 -10 0.942954
624,624,254058 1.24194 1,103993 5.68906 2,-10 -4 1.24194,-1.86928 -4.06536 5.68789
196,196,310447 1.60555 1,46799 -2.91883 0,2.35294 1.72549 1.6048,6.23529 4.27451 -2.91883
178,178,310447 1.60555 1,45642 0.0412695 0,2.35294 1.72549 1.6048,-4.19608 3.96078 0.0412695
512,512,310447 1.60555 1,103993 5.68906 2,2.35294 1.72549 1.6048,-1.86928 -4.06536 5.68789
178,178,310447 1.60555 1,163265 1.90848 2,2.35294 1.72549 1.6048,2.52288 5.03268 1.90672
32, 32, 378916 0.596383 1,65280 0.574403 0,-10 8.78431 0.596354,-10 10 0.574403
236,236,378916 0.596383 1,45642 0.0412695 0,-10 8.78431 0.596354,-4.19608 3.96078 0.0412695
272,272,383937 1.28018 1,45642 0.0412695 0,1.13725 9.2549 1.28018,-4.19608 3.96078 0.0412695
200,200,383937 1.28018 1,46799 -2.91883 0,1.13725 9.2549 1.28018,6.23529 4.27451 -2.91883
220,220,383937 1.28018 1,163265 1.90848 2,1.13725 9.2549 1.28018,2.52288 5.03268 1.90672
344,344,196044 2.90352 1,103993 5.68906 2,-1.01961 -10 2.9035,-1.86928 -4.06536 5.68789
624,624,254058 1.24194 1,103993 5.68906 2,-10 -4 1.24194,-1.86928 -4.06536 5.68789
638,638,232608 0.633918 1,103993 5.68906 2,10 -6.27451 0.633895,-1.86928 -4.06536 5.68789
512,512,310447 1.60555 1,103993 5.68906 2,2.35294 1.72549 1.6048,-1.86928 -4.06536 5.68789
220,220,383937 1.28018 1,163265 1.90848 2,1.13725 9.2549 1.28018,2.52288 5.03268 1.90672
178,178,310447 1.60555 1,163265 1.90848 2,2.35294 1.72549 1.6048,2.52288 5.03268 1.90672
